9 9 9 9 9 9 9 9 9 9 9 9 9 9 9 9 9 9 9 9 9 9 9 9 9 9 9 9 9 9 9 9 9 9 9 9 9 9 9 9 9 9 4 9 9 9 9 9 9 9 9 9 9 9 9 9 9 9 6 9 9 9 9 4 9 9 9 9 9 9 3 4 4 4 4 4 4 3 4 4 4 4 4 4 4 4 4 4 4 4 0 4 3 3 4 4 3 4 4 4 
4 4 4 3 4 4 4 4 3 3 4 3 4 4 4 4 3 4 4 4 3 3 4 4 4 4 4 4 4 3 4 4 4 4 4 4 3 4 4 3 4 4 4 4 4 4 4 4 4 4 4 4 4 3 4 4 4 4 3 4 4 4 4 4 4 4 4 4 4 4 4 4 4 4 4 4 4 4 4 4 3 4 4 4 4 4 4 4 3 4 3 3 3 4 4 4 3 3 4 3 
9 4 3 4 4 9 4 4 4 4 

2 10 2 2 2 2 2 2 2 2 2 10 2 2 2 2 2 2 2 2 2 2 2 10 2 2 2 2 2 2 2 2 2 2 2 2 2 2 2 2 2 2 2 2 2 2 10 2 2 2 2 2 2 2 2 2 2 2 2 2 2 2 2 2 2 2 2 2 2 2 5 5 5 0 5 2 5 5 5 5 5 5 5 5 5 5 5 5 7 5 
7 8 5 5 8 5 7 5 8 5 5 5 8 2 5 5 2 7 5 5 5 7 7 5 5 5 2 12 5 5 5 7 5 5 7 7 5 5 5 5 5 5 5 5 5 7 7 5 5 5 5 5 5 7 5 5 5 5 5 5 5 2 5 5 7 5 7 5 5 5 5 5 5 5 7 5 5 8 5 5 2 8 5 5 5 5 5 5 5 5 5 5 5 12 5 5 7 5 5 5 
5 7 5 5 5 5 5 5 5 7 7 5 5 5 5 7 5 5 5 5 

10 10 10 10 10 10 10 10 10 10 10 10 10 2 10 10 10 10 10 10 10 12 10 10 10 10 10 10 10 10 10 2 10 2 10 10 10 10 8 10 10 10 10 10 10 10 10 10 10 2 10 2 10 2 10 10 10 12 10 10 10 10 2 2 10 10 2 2 2 10 2 10 2 10 2 2 2 10 2 2 
2 10 10 2 2 10 10 10 10 10 2 12 12 7 8 7 12 7 12 7 12 7 12 7 12 7 12 7 12 7 12 12 12 7 7 12 7 10 7 7 7 12 12 7 12 12 7 7 5 7 12 7 7 7 7 7 7 12 7 12 12 5 12 7 7 7 12 12 7 8 12 7 12 7 12 12 12 12 12 0 12 7 12 5 12 7 7 7 12 7 0 12 12 7 7 12 12 12 7 7 
7 7 7 7 7 10 7 7 7 12 12 7 7 7 7 7 

3 3 3 3 3 3 3 3 3 3 3 3 3 3 3 3 3 3 3 3 3 3 3 3 3 3 3 3 3 3 3 3 3 3 3 3 3 3 3 3 3 3 3 3 3 3 3 3 3 3 3 3 3 3 3 3 3 3 3 3 3 3 3 3 3 3 3 3 3 3 3 3 3 3 3 3 3 3 3 3 3 3 3 3 
3 3 3 3 3 3 3 3 3 3 3 3 3 3 3 3 3 3 3 3 3 3 3 3 3 3 3 3 3 3 3 3 3 3 3 3 3 3 3 3 3 3 3 3 3 3 3 3 3 3 3 3 3 3 3 3 3 3 3 3 3 3 3 3 3 3 3 3 3 3 3 3 3 3 3 8 3 3 3 3 3 3 3 3 3 3 3 3 3 3 3 3 3 3 3 3 3 3 3 3 
3 3 3 3 3 3 3 3 3 3 3 3 3 3 3 3 0 3 3 3 3 3 0 3 3 

8 8 8 8 8 8 7 8 8 8 8 8 8 8 8 7 8 8 8 8 7 8 8 8 8 8 8 8 8 7 7 8 8 8 8 7 8 8 8 8 8 8 7 8 8 7 7 8 8 7 8 8 8 7 8 7 8 8 7 8 7 7 8 7 7 8 7 8 8 8 8 8 7 7 7 
8 8 7 8 7 8 8 8 8 8 8 8 8 7 8 8 8 7 8 7 8 8 8 8 7 7 8 8 8 7 8 8 7 8 7 8 8 8 8 8 7 8 8 8 8 8 8 8 7 8 7 8 7 7 8 8 8 7 8 7 8 7 7 8 7 7 8 8 7 8 8 7 7 8 8 8 7 8 7 7 8 8 7 8 7 7 7 3 7 7 7 7 7 7 8 7 7 7 7 7 
7 7 7 7 7 7 7 7 7 7 7 8 7 7 7 7 7 7 7 7 7 

13 13 13 13 13 13 13 3 13 1 1 13 13 13 13 1 1 1 1 1 1 13 1 1 1 1 1 1 1 1 1 1 1 1 1 1 1 1 13 1 1 1 1 1 1 1 1 1 1 1 1 1 1 13 13 13 13 13 13 13 3 13 1 1 13 13 13 13 1 1 1 1 1 1 13 1 1 1 1 
1 1 1 1 1 1 1 1 1 1 1 1 13 1 1 1 1 1 1 1 1 1 1 1 1 1 1 13 13 13 13 13 13 13 3 13 1 1 13 13 13 13 1 1 1 1 1 1 13 1 1 1 1 1 1 1 1 1 1 1 1 1 1 1 1 13 1 1 1 1 1 1 1 1 1 1 1 1 1 1 13 13 13 13 13 13 13 3 13 1 1 13 13 13 13 1 1 1 1 1 
1 13 1 1 1 1 1 1 1 1 1 1 1 1 1 1 1 1 13 1 1 1 1 1 1 1 1 1 1 1 1 1 1 

11 11 11 11 11 11 11 11 11 11 1 1 1 1 1 11 11 11 11 1 11 11 11 11 11 11 1 11 1 1 11 1 11 11 11 11 11 11 11 11 11 11 1 1 11 11 11 1 11 11 11 11 1 11 11 11 6 6 6 6 6 6 6 6 6 6 6 
6 1 1 1 1 1 1 1 1 11 11 11 11 11 11 11 11 11 11 11 11 11 11 11 11 11 11 11 11 11 11 11 11 11 11 11 11 11 11 11 6 11 11 11 6 11 6 6 6 6 6 6 6 11 6 11 6 11 11 11 6 6 11 6 11 11 11 6 6 11 11 11 6 11 11 6 6 6 11 6 11 6 11 6 6 11 6 11 11 6 11 6 11 6 6 6 6 11 6 11 
6 6 6 6 6 6 6 6 1 11 6 6 11 6 6 6 6 11 11 6 6 6 6 11 11 6 11 11 11 11 6 11 11 11 6 11 